# SSTK version 0.8.0
# 4
mtllib original-4.mtl
o mesh3/mesh3-geometry#mesh3-geometry
v 0.383193 0.667026 0.058599
v 0.436337 0.759012 0.061965
v 0.460883 0.744850 0.061446
v 0.383193 0.666766 0.065680
v 0.436337 0.758752 0.069046
v 0.407739 0.652863 0.058081
v 0.407739 0.652605 0.065162
v 0.460883 0.744590 0.068527
vn 0.0000020000009188356332 0.036560016796315375 -0.9993314591104661
vn -0.8660249847363097 0.4996649911934047 0.018319999677110007
vn 0.5000030879323007 0.8654421521996994 0.03173000558015033
vn -0.49997203281191577 -0.8654600567979819 -0.031731002082426414
vn 0.5000030720669479 0.8654421247387788 0.03173100457348522
vn 0.8660249847363097 -0.4996649911934047 -0.018319999677110007
vn -0.5000031721106215 -0.8654472979034548 -0.031588010873195384
vn 0 -0.03655901813250976 0.999331495647559
vn 0.0000030000011588796715 -0.03656201412365285 0.9993313860347935
vn 0.8660220867832116 -0.4996730500717392 -0.01823700182751181
vn -0.0000020000009188356332 -0.036560016796315375 0.9993314591104661
vn -0.5000030879323007 -0.8654421521996994 -0.03173000558015033
vn 0.49997203281191577 0.8654600567979819 0.031731002082426414
vn -0.5000030720669479 -0.8654421247387788 -0.03173100457348522
vn 0.5000031721106215 0.8654472979034548 0.031588010873195384
vn 0 0.03655901813250976 -0.999331495647559
vn -0.0000030000011588796715 0.03656201412365285 -0.9993313860347935
vn -0.8660220867832116 0.4996730500717392 0.01823700182751181
usemtl material_0_0
f 1//1 2//1 3//1
f 2//2 1//2 4//2
f 3//3 2//3 5//3
f 1//1 3//1 6//1
f 1//4 7//4 4//4
f 2//2 4//2 5//2
f 3//5 5//5 8//5
f 3//6 8//6 6//6
f 6//7 7//7 1//7
f 4//8 7//8 8//8
f 4//9 8//9 5//9
f 8//10 7//10 6//10
usemtl material_1_0
f 3//11 2//11 1//11
f 4//6 1//6 2//6
f 5//12 2//12 3//12
f 6//11 3//11 1//11
f 4//13 7//13 1//13
f 5//6 4//6 2//6
f 8//14 5//14 3//14
f 6//2 8//2 3//2
f 1//15 7//15 6//15
f 8//16 7//16 4//16
f 5//17 8//17 4//17
f 6//18 7//18 8//18
