# SSTK version 0.8.0
# 10
mtllib original-10.mtl
o mesh9/mesh9-geometry#mesh9-geometry
v -0.449391 -0.774090 0.005876
v -0.371701 -0.696266 0.008724
v -0.424845 -0.788252 0.005358
v -0.396247 -0.682103 0.009242
v -0.371701 -0.696524 0.015805
v -0.424845 -0.788511 0.012439
v -0.449391 -0.774348 0.012958
v -0.396247 -0.682363 0.016323
vn 0.0000020000009188356332 0.036560016796315375 -0.9993314591104661
vn 0.8660261158738689 -0.49966606685507436 -0.01823700244010197
vn -0.5000031721106215 -0.8654472979034548 -0.031588010873195384
vn -0.8660256831498394 0.4996668171884341 0.018236993327687186
vn 0.5000050206487078 0.8654410357401191 0.031730001310353896
vn 0.49997406556760315 0.8654641134987022 0.03158800414251431
vn -0.866023186561766 0.4996681076402642 0.018320003946559794
vn 0 -0.03656101546015771 0.9993314225763754
vn -0.0000020000009188356332 -0.036560016796315375 0.9993314591104661
vn -0.8660261158738689 0.49966606685507436 0.01823700244010197
vn 0.5000031721106215 0.8654472979034548 0.031588010873195384
vn 0.8660256831498394 -0.4996668171884341 -0.018236993327687186
vn -0.5000050206487078 -0.8654410357401191 -0.031730001310353896
vn -0.49997406556760315 -0.8654641134987022 -0.03158800414251431
vn 0.866023186561766 -0.4996681076402642 -0.018320003946559794
vn 0 0.03656101546015771 -0.9993314225763754
usemtl material_0_0
f 1//1 2//1 3//1
f 1//1 4//1 2//1
f 2//2 5//2 3//2
f 3//3 6//3 1//3
f 4//4 1//4 7//4
f 2//5 4//5 8//5
f 2//6 8//6 5//6
f 5//2 6//2 3//2
f 1//3 6//3 7//3
f 4//7 7//7 8//7
f 7//8 5//8 8//8
f 7//9 6//9 5//9
usemtl material_1_0
f 3//9 2//9 1//9
f 2//9 4//9 1//9
f 3//10 5//10 2//10
f 1//11 6//11 3//11
f 7//12 1//12 4//12
f 8//13 4//13 2//13
f 5//14 8//14 2//14
f 3//10 6//10 5//10
f 7//11 6//11 1//11
f 8//15 7//15 4//15
f 8//16 5//16 7//16
f 5//1 6//1 7//1
